p1:41.85470465-12.62268818
p2:41.8559953-12.6312195
p3:41.8525221-12.62088576
p4:41.8533584-12.60455725
p5:41.84974404-12.59763837
